12
6
33
7
21
32
30
37
26
34
18
3
49
1
11
24
15
16
4
20
5
25
31
10
40
9
13
36
17
6
58
19
32
81
33
12
18
41
7
14
11
21
27
15
16
20
90
35
22
68
23
24
26
38
42
25
29
47
56
19
28
103
31
18
30
32
46
43
66
34
45
37
40
50
41
51
44
48
85
81
49
52
59
53
47
80
55
58
61
120
73
71
96
181
92
77
101
84
88
89
91
103
97
99
189
100
289
141
102
105
113
116
119
150
190
162
193
161
200
165
178
188
381
177
180
191
196
197
199
216
202
281
316
299
218
229
235
417
326
323
343
338
349
355
356
375
357
368
393
379
755
428
401
437
724
420
447
597
746
713
783
558
649
975
666
804
687
704
711
1403
725
736
830
772
780
821
829
1241
857
1268
1487
1224
1283
1517
1207
1294
1245
1873
1484
1370
1412
1391
1966
1436
1461
1497
2653
1629
1650
2297
2102
2290
4587
2151
2431
3090
3357
2452
2730
2539
2615
2636
2761
3702
3780
3463
2827
2897
2933
2958
5213
3279
4102
4742
4253
6237
4690
5385
5557
4883
4991
6599
8776
5154
5175
5397
7211
6360
5724
5760
5785
12145
9136
5891
7060
12415
9256
8985
10668
10268
10776
10440
9874
10037
10145
19014
10329
10551
10572
10899
11121
16296
11484
11509
17375
20880
15928
21228
12951
17328
19022
18241
18859
19911
20019
20936
20182
21358
27437
20696
22020
20901
22383
21471
22630
39142
40330
22993
24460
28879
34179
31810
30279
67767
35569
48898
37100
38770
106909
43079
42829
57172
43326
41597
42716
42372
44464
43854
44101
53339
47453
51872
53272
58639
67379
74133
111911
65848
78648
85698
81486
75870
81142
84676
83969
85201
89825
84313
85088
86226
133679
87955
100725
91554
119251
146027
119120
120651
170899
147334
139981
141718
149817
154518
161071
169441
250896
185401
168282
169057
173043
179509
169401
255987
289708
192279
341325
371788
264597
266454
411967
239771
275169
281699
311159
354458
304335
521470
315589
605297
473776
408053
348566
361680
412814
590758
454678
409172
432050
467448
531051
616494
539766
675626
506225
761241
720331
556868
586034
757738
619924
652901
761380
844864
867492
710246
756619
774494
770852
821986
841222
863850
1514357
1615716
973673
1156260
1045991
1126149
1520393
1063093
1142902
1176792
1698892
1545346
1330170
1394418
1363147
1466865
1481098
1484740
1984124
3030086
1592838
1989999
1663208
2560348
2643657
2303843
2019664
2036766
2109084
2172140
2205995
2239885
2965838
2319694
2769630
2693317
2947963
3256046
2830012
2844245
3701922
3869203
4128748
4093208
6667760
4229884
4056430
4878714
4802401
4145850
6334743
7571125
5016385
4281224
4445880
7008396
5009515
6448442
9246269
5462947
8315083
5674257
6100291
14415374
6546167
7758352
9162235
9083625
8375734
8202280
8337654
8427074
10479332
8591730
8727104
9297609
9290739
13858643
9455395
9908827
16794010
13221299
11563238
12646458
11137204
11774548
12220424
14302571
14304519
14748447
25865809
22680253
16578014
27525818
19206436
16764728
17717813
17318834
17882469
18753004
18588348
18746134
21046031
19364222
21472065
22700442
28352562
22911752
45117290
29492361
23994972
26522995
32067281
43359194
44405464
33342742
34083562
35784450
36128950
34482541
35600282
35201303
45467037
37334482
37952570
39634379
38110356
67602717
40836287
57182983
45612194
73710638
46906724
56062253
59865737
78946643
58590276
65410023
68566103
67426304
91933018
95696632
69683844
70082823
70801585
72934764
72535785
75287052
160499121
76062926
77744735
95293339
124651459
100702024
105497000
101674447
184517196
102968977
137945808
144970896
124000299
126016580
135492846
180713712
145746770
142618608
198951344
142219629
334444190
143337370
170580391
175989076
151349978
153807661
171356265
173038074
195995363
383468540
280165437
526805910
422385066
245188606
226969276
250016879
259493145
261509426
371989418
396538584
284838237
285556999
472157882